NOTE: Ensure that after inputting the board, there is an extra line of
blank space at the bottom. For example, a 9 x 9 inputted board means 
board.txt should have 10 lines of text, the bottom line being completely blank.

Input one of the below boards or input your own!

N = 3 EXAMPLES (9 x 9):
Easy
4 5 3 6 0 7 0 1 9
0 7 1 3 0 2 4 6 8
0 0 0 4 0 9 5 0 0
1 0 5 0 0 0 7 8 0
0 2 0 0 4 0 0 0 0
0 0 0 7 0 0 0 2 1
0 1 9 5 6 0 0 0 0
0 0 0 1 0 0 8 0 0
2 0 4 0 7 0 0 0 6

Medium
0 0 5 1 2 3 4 7 0
0 0 4 0 0 0 0 6 0
2 0 0 7 0 0 5 0 8
0 0 3 0 6 5 8 9 0
8 0 0 0 9 0 7 0 0
0 0 6 0 0 0 3 0 0
0 0 0 0 0 0 0 0 3
0 4 0 0 5 1 0 0 7
1 0 0 6 0 0 0 0 4

Hard
0 0 0 1 3 5 2 7 0
0 5 0 0 0 0 1 3 0
0 0 0 0 2 0 0 0 0
1 0 6 3 5 0 4 0 0
0 0 5 0 0 0 6 0 3
0 0 0 0 0 4 0 0 0
0 7 0 0 0 9 5 1 4
4 0 0 0 0 0 3 6 7
0 0 0 0 0 0 0 0 9

Expert
9 0 0 0 8 0 0 0 0
0 6 1 7 3 0 0 0 8
0 3 5 0 0 9 0 0 0
0 0 0 1 0 0 0 0 3
7 0 0 0 0 2 0 9 0
0 0 0 0 6 0 0 0 7
5 0 0 9 0 0 7 0 0
0 0 0 0 0 1 0 0 0
0 0 8 0 0 0 0 0 6

Blank
0 0 0 0 0 0 0 0 0
0 0 0 0 0 0 0 0 0
0 0 0 0 0 0 0 0 0
0 0 0 0 0 0 0 0 0
0 0 0 0 0 0 0 0 0
0 0 0 0 0 0 0 0 0
0 0 0 0 0 0 0 0 0
0 0 0 0 0 0 0 0 0
0 0 0 0 0 0 0 0 0


N = 1 EXAMPLE (1 x 1): (very challenging!)
0

N = 2 EXAMPLE (4 x 4):
2 0 0 0
0 0 4 0
0 3 0 0
0 0 0 4

N = 4 EXAMPLE (16 x 16):
0 0 0 0 5 4 14 8 0 2 0 15 0 7 0 6
14 0 0 8 16 1 0 12 7 0 0 0 4 0 10 0
0 0 10 4 9 0 0 0 16 0 0 8 15 5 1 14
0 5 3 15 13 7 0 0 0 0 0 0 8 0 0 0
11 0 0 0 0 16 0 6 13 9 3 5 7 0 0 0
0 15 13 0 0 2 10 7 12 6 0 0 9 0 14 0
5 0 6 0 0 0 0 9 0 14 0 0 1 12 0 0
8 1 0 0 0 5 0 14 0 0 0 0 0 0 2 0
0 0 9 11 6 0 0 0 5 1 0 0 0 0 16 0
0 0 0 1 0 0 0 3 14 10 0 11 0 0 12 0
10 16 5 0 11 0 9 1 3 12 0 0 0 14 15 4
0 6 0 0 0 12 16 0 0 4 8 0 2 0 5 0
1 0 15 3 0 9 0 5 6 0 0 0 14 13 11 0
0 0 0 0 0 10 0 0 11 0 0 13 0 1 0 3
0 0 0 0 14 3 1 2 10 0 0 0 5 0 0 0
0 14 4 0 0 13 0 15 2 5 1 0 0 0 0 0
